k	 lamda				x
1	1.187662	[1.0, 0.45626024943970428, 0.61659376924834264, 0.76298509188793717, 0.44464170044563456]
2	0.921653	[1.0, 0.56790815230950875, 0.77830245719372804, 0.70640601390367264, 0.50672679424632794]
3	0.927744	[1.0, 0.57319698185663193, 0.8333558780474597, 0.81705379965906999, 0.61294906538608918]
4	1.045710	[1.0, 0.51648806597348551, 0.74944820409021751, 0.8340945163097726, 0.56882187401611639]
5	1.031390	[1.0, 0.5187812665735142, 0.73160815328954154, 0.78138063771599453, 0.52542363897844613]
6	0.978178	[1.0, 0.54357759317395182, 0.76897825506451667, 0.77758305589995069, 0.54641021350980123]
7	0.987919	[1.0, 0.54062767672948708, 0.77447318966760237, 0.80110023963359478, 0.56481733816066015]
8	1.010800	[1.0, 0.52970979062785095, 0.75702162959449004, 0.80130541634977015, 0.5536518347899676]
9	1.004850	[1.0, 0.53167220714759567, 0.75571233976817376, 0.79051043741231075, 0.54621757466191878]
10	0.994776	[1.0, 0.53652633875259859, 0.76367370746755825, 0.79126057343655831, 0.55168449936286135]
11	0.998240	[1.0, 0.53523635002653847, 0.76366206492391531, 0.79600132628514042, 0.55466824416298199]
12	1.002459	[1.0, 0.53317592601665298, 0.76009337033625357, 0.79537009762670319, 0.55197584660055998]
13	1.000643	[1.0, 0.53387527849073768, 0.7603294807181874, 0.79324780775131531, 0.55082372537092494]
14	0.998836	[1.0, 0.53477098143807222, 0.76193248391733737, 0.79369933080685096, 0.55211464070338523]
15	0.999801	[1.0, 0.53438197031278167, 0.76170491944005425, 0.79461212022202632, 0.5525439097875261]
16	1.000534	[1.0, 0.53401214537764496, 0.76100327811198454, 0.79435184886072274, 0.55193109274781627]
17	1.000056	[1.0, 0.53420925084823534, 0.76115179544800238, 0.79395383213227932, 0.55178081556567393]
18	0.999753	[1.0, 0.53436470824224991, 0.76145966827999267, 0.79410215661194228, 0.55206746716028832]
19	0.999994	[1.0, 0.53426327264945994, 0.76136974131276303, 0.79426920386182132, 0.55211507928427972]
20	1.000111	[1.0, 0.53420135753978704, 0.76123810470248843, 0.79419180623175134, 0.55198249018671752]
21	0.999996	[1.0, 0.53425078688798955, 0.76128737275799951, 0.79412118587956948, 0.55197035656701143]
22	0.999950	[1.0, 0.53427562277489915, 0.76134356822026183, 0.79416151566473026, 0.55203096881550007]
23	1.000006	[1.0, 0.53425134349576531, 0.76131720524760504, 0.79419021289064262, 0.5520321783862242]
24	1.000022	[1.0, 0.53424201276807104, 0.76129385471716815, 0.79417020374162972, 0.55200477001323633]
25	0.999996	[1.0, 0.53425351442069258, 0.76130730023388793, 0.79415855727783446, 0.55200615239447781]
26	0.999990	[1.0, 0.53425697317961329, 0.76131692998181943, 0.79416846900440852, 0.55201840929322421]


Y la solucion final es:
Eigenvalor = 0.999990252912
Eigenvector = [1.0, 0.53425697317961329, 0.76131692998181943, 0.79416846900440852, 0.55201840929322421]

