k	 lamda				x
1	3.705887	[-0.03174594535756245, 0.63491984511888888, -1.0, 0.52910006405423327, 0.31746026208324196]
2	6.843141	[0.21367131650232943, -0.56214978098284174, 1.0, -0.34111060862423503, -0.2446901742518624]
3	6.384047	[-0.2079158142328682, 0.57575492845254195, -1.0, 0.37234594087849382, 0.27010915866736152]
4	6.513731	[0.20786715577345732, -0.56920661899395442, 1.0, -0.37094158430071927, -0.26613825122864759]
5	6.477861	[-0.20676903109514108, 0.56997991093030886, -1.0, 0.37107629295483729, 0.26595652862059155]
6	6.479756	[0.20696949532108047, -0.57009404442755796, 1.0, -0.37087581733220643, -0.26596170940352443]
7	6.480207	[-0.20699960243516002, 0.57009581559940992, -1.0, 0.37090806499640694, 0.26600125964582838]
8	6.480348	[0.20699526057432285, -0.57008403350850545, 1.0, -0.37091294854279305, -0.26599710946918997]
9	6.480293	[-0.20699282913115938, 0.57008463985830149, -1.0, 0.37091244574013954, 0.26599560943410999]
10	6.480290	[0.20699314226945284, -0.57008514713973457, 1.0, -0.37091202888470731, -0.26599567243831612]


Y la solucion final es:
Eigenvalor = 6.48028951149
Eigenvector = [0.20699314226945284, -0.57008514713973457, 1.0, -0.37091202888470731, -0.26599567243831612]

